,mrna,life,ocugen,stock,effect,please,thank,share,pfizer,today,people,time,ocgn,emergency,vaccination,rxdx,sinopharm,japan,year,world,thanks,day,moderna,bharatbiotech,death,kid,biotech,man,fee,mohfw,sinovac,miracle,cdc,company,need,mansukhmandviya,biontech,covidvaccine,report,scientist,congratulation,booster,pfizerbiontech,amp,risk,drug,jab,fda,covaxin,country,dos,pincode,hosp,potus,group,availability,china,month,coronavirus,government,trial,data,canada,date,list,case,bengaluru,yesterday,govcanhealth,dose,efficacy,pmoindia,shot,apollo,covishield,news,covaxinapproval,use,vaccine,side,health,slot,hospital,delta,study,doctorsoumya,week,approval,age,sputnikv,child,drtedros,sep,astrazeneca,work,get,india,sputnik,travel,bharat
mrna,1075.0,12.0,15.0,56.0,16.0,13.0,2.0,14.0,136.0,18.0,31.0,13.0,25.0,19.0,18.0,0.0,0.0,13.0,32.0,22.0,4.0,16.0,376.0,14.0,12.0,10.0,5.0,4.0,0.0,0.0,5.0,2.0,17.0,25.0,16.0,0.0,20.0,11.0,9.0,3.0,2.0,70.0,6.0,28.0,13.0,7.0,19.0,47.0,219.0,5.0,9.0,0.0,0.0,23.0,5.0,0.0,4.0,14.0,12.0,6.0,41.0,22.0,26.0,1.0,1.0,8.0,0.0,3.0,18.0,10.0,18.0,0.0,62.0,0.0,1.0,17.0,2.0,35.0,415.0,13.0,17.0,0.0,1.0,12.0,14.0,3.0,17.0,17.0,4.0,1.0,12.0,1.0,0.0,8.0,10.0,12.0,5.0,1.0,0.0,0.0
life,12.0,384.0,5.0,1.0,7.0,14.0,8.0,3.0,30.0,1.0,29.0,7.0,9.0,1.0,8.0,0.0,2.0,1.0,18.0,18.0,1.0,5.0,65.0,17.0,1.0,7.0,1.0,1.0,1.0,1.0,7.0,0.0,2.0,1.0,3.0,1.0,2.0,0.0,0.0,7.0,1.0,11.0,2.0,10.0,3.0,6.0,6.0,4.0,112.0,8.0,2.0,0.0,0.0,5.0,0.0,1.0,2.0,22.0,6.0,3.0,2.0,3.0,2.0,4.0,0.0,2.0,0.0,1.0,2.0,1.0,3.0,4.0,5.0,0.0,4.0,3.0,7.0,2.0,75.0,6.0,10.0,0.0,0.0,0.0,1.0,4.0,0.0,10.0,1.0,4.0,1.0,14.0,0.0,1.0,3.0,8.0,6.0,2.0,3.0,3.0
ocugen,15.0,5.0,1654.0,25.0,4.0,21.0,9.0,16.0,21.0,13.0,25.0,29.0,538.0,32.0,3.0,0.0,0.0,0.0,3.0,168.0,3.0,10.0,4.0,678.0,1.0,15.0,31.0,2.0,0.0,1.0,0.0,0.0,3.0,12.0,50.0,5.0,0.0,13.0,5.0,3.0,7.0,12.0,0.0,16.0,1.0,3.0,0.0,203.0,1274.0,8.0,3.0,0.0,0.0,81.0,3.0,0.0,1.0,13.0,1.0,0.0,14.0,14.0,60.0,2.0,0.0,7.0,0.0,1.0,78.0,2.0,11.0,4.0,4.0,0.0,2.0,33.0,14.0,41.0,223.0,3.0,7.0,0.0,0.0,21.0,12.0,38.0,21.0,101.0,5.0,0.0,32.0,38.0,1.0,0.0,10.0,14.0,12.0,0.0,2.0,37.0
stock,56.0,1.0,25.0,466.0,1.0,0.0,0.0,14.0,53.0,33.0,10.0,12.0,51.0,2.0,2.0,0.0,1.0,3.0,14.0,5.0,2.0,15.0,136.0,8.0,1.0,1.0,9.0,0.0,0.0,0.0,7.0,0.0,0.0,11.0,5.0,0.0,8.0,2.0,6.0,3.0,0.0,15.0,2.0,14.0,2.0,1.0,5.0,4.0,104.0,2.0,7.0,0.0,0.0,2.0,0.0,0.0,1.0,17.0,2.0,2.0,1.0,2.0,2.0,3.0,1.0,0.0,0.0,3.0,0.0,3.0,0.0,0.0,5.0,0.0,6.0,23.0,0.0,6.0,62.0,1.0,5.0,0.0,2.0,0.0,1.0,0.0,13.0,21.0,1.0,0.0,2.0,0.0,0.0,1.0,0.0,4.0,3.0,5.0,0.0,1.0
effect,16.0,7.0,4.0,1.0,691.0,7.0,3.0,1.0,80.0,22.0,37.0,18.0,4.0,5.0,22.0,0.0,14.0,0.0,5.0,6.0,1.0,38.0,220.0,6.0,14.0,2.0,2.0,1.0,0.0,0.0,15.0,0.0,1.0,1.0,6.0,0.0,13.0,17.0,16.0,3.0,0.0,109.0,12.0,19.0,19.0,4.0,32.0,6.0,98.0,5.0,15.0,0.0,0.0,1.0,3.0,0.0,0.0,14.0,5.0,9.0,4.0,8.0,3.0,1.0,4.0,8.0,0.0,18.0,3.0,20.0,5.0,1.0,58.0,0.0,4.0,10.0,2.0,15.0,191.0,474.0,6.0,0.0,2.0,4.0,13.0,0.0,10.0,6.0,4.0,12.0,5.0,4.0,0.0,7.0,8.0,4.0,5.0,0.0,0.0,2.0
please,13.0,14.0,21.0,0.0,7.0,574.0,7.0,14.0,28.0,10.0,27.0,10.0,11.0,11.0,18.0,0.0,7.0,1.0,2.0,18.0,4.0,6.0,45.0,52.0,1.0,5.0,3.0,1.0,0.0,18.0,8.0,0.0,2.0,5.0,13.0,10.0,3.0,7.0,2.0,1.0,3.0,20.0,1.0,14.0,0.0,1.0,3.0,17.0,303.0,21.0,3.0,0.0,0.0,11.0,3.0,3.0,2.0,7.0,2.0,7.0,3.0,5.0,13.0,2.0,6.0,3.0,0.0,3.0,15.0,8.0,2.0,16.0,13.0,0.0,5.0,7.0,19.0,10.0,93.0,7.0,14.0,0.0,3.0,2.0,1.0,14.0,9.0,59.0,1.0,10.0,6.0,17.0,0.0,4.0,35.0,18.0,21.0,1.0,17.0,3.0
thank,2.0,8.0,9.0,0.0,3.0,7.0,483.0,2.0,14.0,24.0,6.0,2.0,3.0,4.0,21.0,0.0,17.0,1.0,2.0,15.0,7.0,4.0,80.0,43.0,1.0,2.0,8.0,2.0,0.0,1.0,26.0,0.0,1.0,0.0,4.0,4.0,0.0,8.0,1.0,6.0,27.0,17.0,13.0,22.0,2.0,2.0,13.0,4.0,181.0,3.0,8.0,0.0,1.0,6.0,0.0,0.0,4.0,3.0,1.0,6.0,3.0,0.0,0.0,0.0,2.0,1.0,0.0,5.0,2.0,13.0,1.0,11.0,11.0,0.0,1.0,13.0,5.0,6.0,67.0,3.0,9.0,0.0,1.0,2.0,1.0,9.0,5.0,33.0,0.0,8.0,10.0,4.0,0.0,2.0,3.0,25.0,25.0,2.0,4.0,8.0
share,14.0,3.0,16.0,14.0,1.0,14.0,2.0,365.0,32.0,16.0,34.0,5.0,16.0,2.0,9.0,0.0,3.0,3.0,3.0,6.0,1.0,3.0,145.0,7.0,0.0,1.0,7.0,0.0,0.0,0.0,4.0,0.0,7.0,28.0,0.0,1.0,11.0,3.0,8.0,0.0,0.0,6.0,1.0,19.0,1.0,13.0,2.0,3.0,40.0,4.0,6.0,0.0,0.0,3.0,2.0,0.0,1.0,3.0,2.0,4.0,4.0,5.0,4.0,3.0,3.0,2.0,0.0,1.0,0.0,1.0,1.0,0.0,8.0,0.0,1.0,9.0,1.0,3.0,66.0,1.0,6.0,0.0,1.0,4.0,6.0,1.0,8.0,7.0,0.0,2.0,0.0,1.0,0.0,0.0,1.0,4.0,5.0,3.0,0.0,3.0
pfizer,136.0,30.0,21.0,53.0,80.0,28.0,14.0,32.0,5134.0,90.0,161.0,86.0,19.0,26.0,171.0,0.0,111.0,8.0,74.0,57.0,13.0,68.0,2081.0,16.0,121.0,43.0,4.0,11.0,0.0,4.0,80.0,2.0,106.0,25.0,48.0,2.0,344.0,114.0,60.0,19.0,1.0,523.0,119.0,301.0,36.0,48.0,96.0,293.0,186.0,56.0,80.0,0.0,0.0,38.0,32.0,2.0,18.0,97.0,114.0,53.0,57.0,99.0,40.0,7.0,6.0,44.0,0.0,13.0,12.0,72.0,50.0,2.0,295.0,0.0,24.0,64.0,5.0,55.0,1980.0,59.0,63.0,0.0,10.0,75.0,176.0,4.0,48.0,149.0,46.0,26.0,76.0,15.0,2.0,225.0,58.0,93.0,43.0,7.0,4.0,6.0
today,18.0,1.0,13.0,33.0,22.0,10.0,24.0,16.0,90.0,1757.0,35.0,19.0,19.0,20.0,145.0,0.0,61.0,1.0,25.0,16.0,33.0,82.0,308.0,34.0,5.0,9.0,6.0,5.0,0.0,10.0,46.0,0.0,11.0,11.0,4.0,12.0,4.0,22.0,9.0,9.0,5.0,242.0,51.0,89.0,4.0,6.0,46.0,19.0,292.0,22.0,88.0,0.0,1.0,3.0,12.0,1.0,15.0,16.0,10.0,15.0,7.0,4.0,3.0,8.0,5.0,68.0,0.0,33.0,4.0,80.0,4.0,7.0,168.0,0.0,45.0,60.0,3.0,26.0,331.0,16.0,35.0,3.0,8.0,1.0,8.0,5.0,24.0,50.0,8.0,42.0,11.0,2.0,0.0,8.0,10.0,32.0,58.0,5.0,7.0,7.0
people,31.0,29.0,25.0,10.0,37.0,27.0,6.0,34.0,161.0,35.0,2201.0,43.0,11.0,11.0,56.0,0.0,53.0,14.0,33.0,62.0,14.0,25.0,260.0,62.0,18.0,6.0,5.0,6.0,26.0,6.0,40.0,0.0,23.0,10.0,16.0,14.0,13.0,26.0,19.0,13.0,18.0,130.0,14.0,66.0,38.0,17.0,36.0,47.0,460.0,56.0,30.0,26.0,0.0,37.0,12.0,5.0,29.0,31.0,19.0,35.0,7.0,15.0,21.0,32.0,3.0,17.0,0.0,11.0,23.0,70.0,14.0,15.0,114.0,0.0,23.0,49.0,6.0,58.0,575.0,24.0,51.0,28.0,8.0,11.0,42.0,16.0,21.0,78.0,85.0,31.0,7.0,30.0,1.0,9.0,16.0,53.0,37.0,3.0,23.0,7.0
time,13.0,7.0,29.0,12.0,18.0,10.0,2.0,5.0,86.0,19.0,43.0,1083.0,20.0,14.0,30.0,0.0,9.0,18.0,20.0,22.0,5.0,38.0,187.0,48.0,17.0,6.0,15.0,4.0,0.0,4.0,14.0,1.0,15.0,12.0,12.0,4.0,7.0,13.0,20.0,4.0,5.0,96.0,6.0,31.0,11.0,6.0,16.0,24.0,302.0,18.0,19.0,0.0,0.0,7.0,5.0,0.0,11.0,31.0,8.0,8.0,10.0,23.0,7.0,5.0,2.0,5.0,0.0,5.0,12.0,19.0,11.0,5.0,53.0,0.0,14.0,19.0,4.0,12.0,229.0,16.0,7.0,3.0,2.0,12.0,18.0,8.0,20.0,85.0,3.0,12.0,18.0,12.0,0.0,3.0,12.0,21.0,34.0,1.0,4.0,13.0
ocgn,25.0,9.0,538.0,51.0,4.0,11.0,3.0,16.0,19.0,19.0,11.0,20.0,1243.0,8.0,6.0,0.0,0.0,0.0,7.0,29.0,2.0,14.0,1.0,123.0,1.0,10.0,17.0,2.0,0.0,0.0,0.0,0.0,2.0,6.0,21.0,1.0,0.0,8.0,6.0,3.0,1.0,8.0,0.0,15.0,1.0,4.0,5.0,82.0,975.0,11.0,4.0,0.0,0.0,11.0,4.0,0.0,1.0,9.0,1.0,2.0,16.0,18.0,44.0,4.0,1.0,7.0,0.0,5.0,31.0,4.0,12.0,1.0,6.0,0.0,2.0,22.0,15.0,9.0,127.0,5.0,7.0,0.0,0.0,15.0,8.0,1.0,42.0,102.0,11.0,0.0,33.0,8.0,1.0,0.0,7.0,12.0,21.0,0.0,5.0,17.0
emergency,19.0,1.0,32.0,2.0,5.0,11.0,4.0,2.0,26.0,20.0,11.0,14.0,8.0,1484.0,14.0,0.0,19.0,5.0,131.0,122.0,1.0,12.0,41.0,181.0,3.0,75.0,223.0,1.0,0.0,11.0,12.0,0.0,2.0,9.0,1.0,6.0,6.0,12.0,11.0,10.0,38.0,32.0,12.0,30.0,2.0,36.0,7.0,50.0,1212.0,11.0,4.0,0.0,0.0,0.0,74.0,1.0,16.0,5.0,26.0,18.0,5.0,21.0,2.0,1.0,12.0,4.0,0.0,4.0,1.0,5.0,2.0,2.0,19.0,0.0,5.0,63.0,52.0,1235.0,390.0,4.0,147.0,0.0,1.0,1.0,4.0,6.0,46.0,385.0,59.0,9.0,100.0,15.0,0.0,0.0,3.0,180.0,205.0,4.0,8.0,228.0
vaccination,18.0,8.0,3.0,2.0,22.0,18.0,21.0,9.0,171.0,145.0,56.0,30.0,6.0,14.0,2350.0,0.0,88.0,21.0,58.0,23.0,24.0,77.0,260.0,14.0,19.0,19.0,14.0,5.0,0.0,11.0,84.0,0.0,8.0,5.0,7.0,8.0,22.0,158.0,10.0,5.0,27.0,71.0,27.0,87.0,13.0,4.0,31.0,14.0,510.0,73.0,70.0,0.0,0.0,7.0,38.0,2.0,27.0,32.0,58.0,27.0,8.0,21.0,5.0,20.0,37.0,34.0,0.0,16.0,2.0,77.0,3.0,17.0,45.0,0.0,182.0,31.0,8.0,16.0,346.0,17.0,28.0,12.0,29.0,12.0,29.0,0.0,26.0,35.0,49.0,44.0,52.0,5.0,25.0,31.0,17.0,34.0,163.0,6.0,8.0,11.0
rxdx,0.0,0.0,0.0,0.0,0.0,0.0,0.0,0.0,0.0,0.0,0.0,0.0,0.0,0.0,0.0,483.0,0.0,0.0,0.0,0.0,0.0,0.0,0.0,0.0,0.0,0.0,0.0,0.0,483.0,0.0,0.0,0.0,0.0,0.0,0.0,0.0,0.0,0.0,0.0,0.0,0.0,0.0,0.0,0.0,0.0,0.0,0.0,0.0,413.0,0.0,0.0,483.0,0.0,0.0,0.0,0.0,0.0,0.0,0.0,0.0,0.0,0.0,0.0,483.0,0.0,0.0,0.0,0.0,0.0,483.0,0.0,0.0,0.0,0.0,0.0,0.0,0.0,0.0,0.0,0.0,0.0,483.0,0.0,0.0,0.0,0.0,0.0,0.0,966.0,0.0,0.0,0.0,236.0,0.0,0.0,0.0,0.0,70.0,0.0,0.0
sinopharm,0.0,2.0,0.0,1.0,14.0,7.0,17.0,3.0,111.0,61.0,53.0,9.0,0.0,19.0,88.0,0.0,1469.0,0.0,24.0,12.0,9.0,36.0,21.0,1.0,6.0,2.0,3.0,19.0,0.0,0.0,175.0,0.0,3.0,6.0,3.0,0.0,2.0,14.0,4.0,2.0,0.0,31.0,5.0,58.0,4.0,23.0,36.0,10.0,33.0,46.0,216.0,0.0,0.0,1.0,20.0,2.0,198.0,14.0,39.0,33.0,8.0,6.0,35.0,10.0,26.0,5.0,0.0,24.0,2.0,89.0,10.0,0.0,28.0,0.0,2.0,24.0,1.0,25.0,713.0,7.0,23.0,0.0,6.0,6.0,9.0,3.0,10.0,23.0,12.0,6.0,21.0,2.0,7.0,23.0,5.0,17.0,5.0,5.0,12.0,1.0
japan,13.0,1.0,0.0,3.0,0.0,1.0,1.0,3.0,8.0,1.0,14.0,18.0,0.0,5.0,21.0,0.0,0.0,914.0,3.0,2.0,2.0,5.0,336.0,0.0,29.0,0.0,1.0,1.0,0.0,0.0,1.0,0.0,1.0,8.0,1.0,0.0,0.0,16.0,60.0,0.0,0.0,1.0,0.0,5.0,4.0,0.0,23.0,1.0,7.0,21.0,238.0,0.0,0.0,0.0,0.0,0.0,1.0,1.0,25.0,4.0,0.0,1.0,0.0,0.0,0.0,11.0,0.0,1.0,0.0,1.0,2.0,0.0,71.0,0.0,2.0,36.0,0.0,53.0,478.0,0.0,82.0,0.0,0.0,0.0,0.0,0.0,10.0,0.0,1.0,2.0,0.0,0.0,0.0,2.0,0.0,5.0,3.0,0.0,0.0,0.0
year,32.0,18.0,3.0,14.0,5.0,2.0,2.0,3.0,74.0,25.0,33.0,20.0,7.0,131.0,58.0,0.0,24.0,3.0,1210.0,33.0,4.0,25.0,175.0,76.0,4.0,155.0,84.0,4.0,0.0,4.0,26.0,0.0,1.0,13.0,4.0,2.0,6.0,17.0,15.0,16.0,26.0,53.0,16.0,27.0,3.0,16.0,14.0,27.0,623.0,18.0,24.0,0.0,0.0,2.0,75.0,1.0,15.0,17.0,13.0,9.0,53.0,35.0,17.0,2.0,0.0,12.0,0.0,2.0,4.0,14.0,2.0,2.0,39.0,0.0,3.0,53.0,33.0,141.0,273.0,3.0,16.0,0.0,2.0,2.0,10.0,1.0,7.0,189.0,243.0,13.0,221.0,3.0,0.0,2.0,9.0,130.0,54.0,2.0,3.0,95.0
world,22.0,18.0,168.0,5.0,6.0,18.0,15.0,6.0,57.0,16.0,62.0,22.0,29.0,122.0,23.0,0.0,12.0,2.0,33.0,1396.0,5.0,12.0,81.0,206.0,3.0,30.0,40.0,6.0,82.0,4.0,16.0,2.0,3.0,13.0,31.0,7.0,4.0,16.0,5.0,10.0,14.0,21.0,7.0,42.0,3.0,10.0,5.0,22.0,796.0,63.0,19.0,82.0,0.0,14.0,22.0,0.0,10.0,7.0,22.0,24.0,17.0,32.0,19.0,85.0,4.0,6.0,0.0,0.0,18.0,88.0,11.0,12.0,13.0,0.0,11.0,59.0,19.0,111.0,368.0,3.0,224.0,82.0,82.0,12.0,11.0,28.0,28.0,92.0,108.0,31.0,21.0,46.0,42.0,8.0,4.0,26.0,116.0,4.0,9.0,50.0
thanks,4.0,1.0,3.0,2.0,1.0,4.0,7.0,1.0,13.0,33.0,14.0,5.0,2.0,1.0,24.0,0.0,9.0,2.0,4.0,5.0,393.0,8.0,59.0,14.0,0.0,2.0,5.0,4.0,0.0,4.0,7.0,0.0,1.0,4.0,1.0,5.0,2.0,2.0,4.0,9.0,10.0,24.0,6.0,13.0,0.0,0.0,5.0,0.0,100.0,4.0,4.0,0.0,0.0,4.0,1.0,0.0,1.0,1.0,0.0,5.0,0.0,3.0,2.0,1.0,2.0,1.0,0.0,5.0,6.0,0.0,0.0,4.0,6.0,0.0,3.0,10.0,1.0,1.0,54.0,1.0,8.0,0.0,0.0,4.0,1.0,3.0,1.0,24.0,1.0,4.0,4.0,1.0,0.0,1.0,8.0,14.0,17.0,0.0,2.0,6.0
day,16.0,5.0,10.0,15.0,38.0,6.0,4.0,3.0,68.0,82.0,25.0,38.0,14.0,12.0,77.0,0.0,36.0,5.0,25.0,12.0,8.0,2130.0,276.0,25.0,12.0,11.0,5.0,1756.0,2.0,5.0,26.0,0.0,3.0,3.0,2.0,6.0,7.0,20.0,8.0,7.0,10.0,113.0,11.0,28.0,3.0,5.0,20.0,8.0,226.0,7.0,33.0,0.0,0.0,1.0,5.0,0.0,6.0,26.0,5.0,3.0,5.0,9.0,0.0,6.0,2.0,18.0,0.0,16.0,4.0,29.0,8.0,7.0,97.0,0.0,25.0,41.0,2.0,14.0,1113.0,34.0,873.0,0.0,4.0,0.0,8.0,3.0,28.0,72.0,5.0,6.0,10.0,13.0,0.0,8.0,10.0,30.0,52.0,2.0,7.0,4.0
moderna,376.0,65.0,4.0,136.0,220.0,45.0,80.0,145.0,2081.0,308.0,260.0,187.0,1.0,41.0,260.0,0.0,21.0,336.0,175.0,81.0,59.0,276.0,10290.0,9.0,91.0,52.0,17.0,23.0,1.0,2.0,18.0,4.0,78.0,102.0,35.0,1.0,235.0,199.0,254.0,28.0,3.0,1349.0,33.0,414.0,106.0,101.0,243.0,280.0,64.0,121.0,213.0,0.0,0.0,43.0,31.0,3.0,15.0,156.0,148.0,83.0,120.0,116.0,107.0,25.0,35.0,96.0,0.0,81.0,9.0,207.0,46.0,0.0,928.0,0.0,9.0,189.0,3.0,148.0,2707.0,171.0,163.0,3.0,17.0,60.0,147.0,3.0,159.0,142.0,61.0,26.0,68.0,6.0,2.0,175.0,66.0,145.0,15.0,7.0,11.0,1.0
bharatbiotech,14.0,17.0,678.0,8.0,6.0,52.0,43.0,7.0,16.0,34.0,62.0,48.0,123.0,181.0,14.0,0.0,1.0,0.0,76.0,206.0,14.0,25.0,9.0,2597.0,2.0,53.0,125.0,4.0,0.0,84.0,2.0,0.0,1.0,16.0,54.0,103.0,0.0,35.0,22.0,32.0,122.0,20.0,0.0,68.0,0.0,24.0,17.0,97.0,2202.0,49.0,19.0,0.0,0.0,58.0,39.0,0.0,2.0,48.0,14.0,17.0,92.0,127.0,40.0,12.0,13.0,6.0,1.0,0.0,51.0,20.0,10.0,89.0,16.0,0.0,20.0,66.0,73.0,180.0,350.0,4.0,50.0,0.0,0.0,16.0,15.0,136.0,71.0,389.0,42.0,2.0,73.0,77.0,2.0,0.0,15.0,96.0,188.0,4.0,36.0,126.0
death,12.0,1.0,1.0,1.0,14.0,1.0,1.0,0.0,121.0,5.0,18.0,17.0,1.0,3.0,19.0,0.0,6.0,29.0,4.0,3.0,0.0,12.0,91.0,2.0,570.0,1.0,0.0,2.0,0.0,0.0,9.0,0.0,15.0,0.0,1.0,0.0,5.0,5.0,20.0,0.0,0.0,8.0,4.0,13.0,4.0,3.0,20.0,7.0,23.0,7.0,5.0,0.0,0.0,2.0,1.0,0.0,3.0,6.0,45.0,5.0,2.0,11.0,2.0,1.0,0.0,33.0,0.0,0.0,0.0,1.0,2.0,0.0,14.0,0.0,1.0,8.0,0.0,3.0,109.0,15.0,7.0,0.0,1.0,2.0,9.0,1.0,13.0,3.0,3.0,5.0,4.0,2.0,2.0,39.0,2.0,2.0,3.0,2.0,1.0,0.0
kid,10.0,7.0,15.0,1.0,2.0,5.0,2.0,1.0,43.0,9.0,6.0,6.0,10.0,75.0,19.0,0.0,2.0,0.0,155.0,30.0,2.0,11.0,52.0,53.0,1.0,855.0,22.0,0.0,75.0,3.0,4.0,0.0,1.0,5.0,3.0,7.0,3.0,18.0,14.0,4.0,4.0,10.0,10.0,16.0,3.0,7.0,14.0,30.0,601.0,11.0,2.0,75.0,0.0,5.0,18.0,0.0,2.0,4.0,9.0,19.0,24.0,23.0,15.0,76.0,0.0,1.0,1.0,1.0,8.0,81.0,6.0,5.0,18.0,0.0,8.0,59.0,34.0,63.0,212.0,3.0,15.0,75.0,14.0,1.0,7.0,1.0,6.0,125.0,159.0,0.0,19.0,3.0,47.0,0.0,6.0,128.0,88.0,0.0,1.0,20.0
biotech,5.0,1.0,31.0,9.0,2.0,3.0,8.0,7.0,4.0,6.0,5.0,15.0,17.0,223.0,14.0,0.0,3.0,1.0,84.0,40.0,5.0,5.0,17.0,125.0,0.0,22.0,1043.0,0.0,0.0,2.0,19.0,0.0,0.0,56.0,0.0,1.0,2.0,10.0,18.0,3.0,13.0,12.0,0.0,48.0,3.0,19.0,8.0,11.0,961.0,37.0,10.0,0.0,0.0,0.0,31.0,0.0,10.0,17.0,13.0,15.0,46.0,59.0,3.0,1.0,49.0,0.0,0.0,1.0,0.0,4.0,11.0,5.0,4.0,0.0,4.0,27.0,26.0,214.0,266.0,1.0,51.0,0.0,0.0,6.0,6.0,2.0,48.0,193.0,50.0,1.0,81.0,3.0,0.0,2.0,1.0,78.0,78.0,1.0,4.0,847.0
man,4.0,1.0,2.0,0.0,1.0,1.0,2.0,0.0,11.0,5.0,6.0,4.0,2.0,1.0,5.0,0.0,19.0,1.0,4.0,6.0,4.0,1756.0,23.0,4.0,2.0,0.0,0.0,3612.0,0.0,0.0,1.0,0.0,1.0,1.0,1.0,0.0,0.0,1.0,0.0,0.0,0.0,4.0,0.0,1.0,0.0,0.0,8.0,1.0,36.0,2.0,5.0,0.0,0.0,2.0,0.0,0.0,0.0,2.0,2.0,1.0,1.0,0.0,0.0,1.0,0.0,0.0,0.0,1.0,0.0,3.0,0.0,0.0,2.0,0.0,4.0,3.0,1.0,0.0,1760.0,0.0,1704.0,0.0,0.0,1.0,0.0,1.0,4.0,3.0,1.0,2.0,0.0,1.0,0.0,0.0,1.0,1.0,5.0,0.0,1.0,0.0
fee,0.0,1.0,0.0,0.0,0.0,0.0,0.0,0.0,0.0,0.0,26.0,0.0,0.0,0.0,0.0,483.0,0.0,0.0,0.0,82.0,0.0,2.0,1.0,0.0,0.0,75.0,0.0,0.0,7765.0,0.0,0.0,450.0,0.0,0.0,0.0,0.0,0.0,0.0,0.0,0.0,0.0,0.0,0.0,0.0,0.0,0.0,0.0,0.0,7194.0,0.0,0.0,7755.0,652.0,0.0,0.0,0.0,0.0,0.0,0.0,0.0,0.0,0.0,0.0,7754.0,0.0,0.0,0.0,0.0,0.0,7754.0,0.0,1.0,0.0,941.0,0.0,0.0,0.0,0.0,4.0,0.0,0.0,7754.0,555.0,0.0,0.0,0.0,0.0,1.0,14537.0,0.0,0.0,0.0,3772.0,0.0,0.0,0.0,51.0,618.0,0.0,0.0
mohfw,0.0,1.0,1.0,0.0,0.0,18.0,1.0,0.0,4.0,10.0,6.0,4.0,0.0,11.0,11.0,0.0,0.0,0.0,4.0,4.0,4.0,5.0,2.0,84.0,0.0,3.0,2.0,0.0,0.0,360.0,0.0,0.0,0.0,1.0,2.0,99.0,0.0,3.0,2.0,0.0,9.0,3.0,0.0,76.0,0.0,0.0,3.0,0.0,140.0,7.0,4.0,0.0,0.0,0.0,1.0,1.0,0.0,7.0,0.0,1.0,1.0,5.0,2.0,0.0,2.0,68.0,0.0,0.0,1.0,50.0,0.0,116.0,2.0,0.0,8.0,7.0,4.0,10.0,30.0,0.0,3.0,1.0,0.0,0.0,1.0,30.0,4.0,42.0,2.0,2.0,3.0,5.0,0.0,0.0,4.0,8.0,280.0,1.0,8.0,2.0
sinovac,5.0,7.0,0.0,7.0,15.0,8.0,26.0,4.0,80.0,46.0,40.0,14.0,0.0,12.0,84.0,0.0,175.0,1.0,26.0,16.0,7.0,26.0,18.0,2.0,9.0,4.0,19.0,1.0,0.0,0.0,1937.0,0.0,2.0,17.0,6.0,0.0,11.0,30.0,6.0,0.0,0.0,62.0,4.0,50.0,10.0,10.0,36.0,6.0,40.0,32.0,95.0,0.0,0.0,0.0,1.0,0.0,179.0,16.0,28.0,21.0,22.0,18.0,33.0,4.0,18.0,7.0,0.0,9.0,1.0,93.0,21.0,0.0,74.0,0.0,6.0,30.0,0.0,45.0,622.0,10.0,40.0,0.0,5.0,11.0,38.0,0.0,14.0,24.0,6.0,33.0,25.0,4.0,1.0,30.0,5.0,21.0,8.0,5.0,13.0,1.0
miracle,2.0,0.0,0.0,0.0,0.0,0.0,0.0,0.0,2.0,0.0,0.0,1.0,0.0,0.0,0.0,0.0,0.0,0.0,0.0,2.0,0.0,0.0,4.0,0.0,0.0,0.0,0.0,0.0,450.0,0.0,0.0,465.0,0.0,1.0,0.0,0.0,0.0,0.0,0.0,0.0,0.0,1.0,0.0,1.0,0.0,0.0,0.0,0.0,341.0,1.0,1.0,450.0,0.0,0.0,0.0,0.0,0.0,0.0,0.0,0.0,0.0,0.0,0.0,450.0,0.0,0.0,0.0,0.0,0.0,450.0,0.0,0.0,0.0,0.0,0.0,0.0,0.0,0.0,4.0,0.0,0.0,450.0,0.0,0.0,0.0,0.0,0.0,0.0,900.0,1.0,0.0,0.0,259.0,1.0,0.0,0.0,0.0,111.0,0.0,0.0
cdc,17.0,2.0,3.0,0.0,1.0,2.0,1.0,7.0,106.0,11.0,23.0,15.0,2.0,2.0,8.0,0.0,3.0,1.0,1.0,3.0,1.0,3.0,78.0,1.0,15.0,1.0,0.0,1.0,0.0,0.0,2.0,0.0,385.0,0.0,1.0,0.0,2.0,9.0,8.0,0.0,0.0,74.0,10.0,31.0,3.0,0.0,2.0,56.0,16.0,0.0,8.0,0.0,0.0,16.0,4.0,0.0,5.0,9.0,11.0,2.0,0.0,7.0,1.0,0.0,4.0,2.0,0.0,0.0,2.0,6.0,3.0,1.0,44.0,0.0,0.0,15.0,1.0,5.0,125.0,0.0,6.0,0.0,0.0,5.0,28.0,0.0,7.0,14.0,1.0,1.0,9.0,0.0,0.0,7.0,3.0,3.0,1.0,0.0,2.0,0.0
company,25.0,1.0,12.0,11.0,1.0,5.0,0.0,28.0,25.0,11.0,10.0,12.0,6.0,9.0,5.0,0.0,6.0,8.0,13.0,13.0,4.0,3.0,102.0,16.0,0.0,5.0,56.0,1.0,0.0,1.0,17.0,1.0,0.0,463.0,0.0,0.0,9.0,2.0,5.0,5.0,1.0,9.0,6.0,13.0,1.0,27.0,2.0,12.0,52.0,8.0,16.0,0.0,0.0,1.0,1.0,0.0,1.0,4.0,7.0,5.0,8.0,11.0,0.0,2.0,6.0,1.0,0.0,0.0,2.0,2.0,2.0,0.0,10.0,0.0,0.0,6.0,1.0,14.0,155.0,1.0,7.0,0.0,0.0,1.0,4.0,2.0,6.0,10.0,0.0,5.0,7.0,0.0,1.0,3.0,12.0,7.0,16.0,0.0,0.0,17.0
need,16.0,3.0,50.0,5.0,6.0,13.0,4.0,0.0,48.0,4.0,16.0,12.0,21.0,1.0,7.0,0.0,3.0,1.0,4.0,31.0,1.0,2.0,35.0,54.0,1.0,3.0,0.0,1.0,0.0,2.0,6.0,0.0,1.0,0.0,486.0,2.0,2.0,6.0,0.0,2.0,0.0,35.0,3.0,9.0,0.0,1.0,3.0,26.0,248.0,2.0,3.0,0.0,0.0,17.0,1.0,0.0,1.0,8.0,5.0,3.0,6.0,22.0,10.0,0.0,2.0,1.0,1.0,1.0,14.0,4.0,6.0,0.0,16.0,0.0,5.0,15.0,1.0,3.0,135.0,7.0,2.0,2.0,1.0,9.0,3.0,5.0,6.0,44.0,2.0,18.0,9.0,15.0,0.0,2.0,17.0,3.0,5.0,1.0,1.0,1.0
mansukhmandviya,0.0,1.0,5.0,0.0,0.0,10.0,4.0,1.0,2.0,12.0,14.0,4.0,1.0,6.0,8.0,0.0,0.0,0.0,2.0,7.0,5.0,6.0,1.0,103.0,0.0,7.0,1.0,0.0,0.0,99.0,0.0,0.0,0.0,0.0,2.0,386.0,0.0,3.0,1.0,8.0,5.0,3.0,0.0,5.0,0.0,1.0,0.0,1.0,198.0,3.0,2.0,0.0,0.0,1.0,0.0,0.0,1.0,2.0,0.0,1.0,0.0,2.0,1.0,3.0,1.0,1.0,0.0,0.0,1.0,2.0,1.0,94.0,1.0,0.0,6.0,7.0,7.0,6.0,19.0,0.0,39.0,0.0,0.0,0.0,2.0,57.0,3.0,61.0,0.0,0.0,1.0,21.0,0.0,0.0,1.0,17.0,128.0,1.0,6.0,3.0
biontech,20.0,2.0,0.0,8.0,13.0,3.0,0.0,11.0,344.0,4.0,13.0,7.0,0.0,6.0,22.0,0.0,2.0,0.0,6.0,4.0,2.0,7.0,235.0,0.0,5.0,3.0,2.0,0.0,0.0,0.0,11.0,0.0,2.0,9.0,2.0,0.0,486.0,3.0,12.0,2.0,0.0,45.0,23.0,29.0,5.0,8.0,7.0,27.0,10.0,9.0,3.0,0.0,0.0,1.0,12.0,0.0,4.0,13.0,19.0,2.0,12.0,7.0,6.0,0.0,0.0,5.0,0.0,1.0,0.0,5.0,3.0,0.0,25.0,0.0,0.0,12.0,1.0,13.0,250.0,8.0,8.0,0.0,0.0,2.0,14.0,0.0,5.0,20.0,8.0,1.0,12.0,0.0,0.0,17.0,4.0,4.0,2.0,4.0,1.0,1.0
covidvaccine,11.0,0.0,13.0,2.0,17.0,7.0,8.0,3.0,114.0,22.0,26.0,13.0,8.0,12.0,158.0,0.0,14.0,16.0,17.0,16.0,2.0,20.0,199.0,35.0,5.0,18.0,10.0,1.0,0.0,3.0,30.0,0.0,9.0,2.0,6.0,3.0,3.0,6012.0,7.0,4.0,6.0,91.0,30.0,20.0,4.0,6.0,13.0,16.0,593.0,8.0,15.0,0.0,0.0,4.0,8.0,5080.0,3.0,15.0,13.0,6.0,6.0,10.0,9.0,0.0,1.0,6.0,5080.0,7.0,6.0,1123.0,7.0,3.0,53.0,0.0,4835.0,12.0,27.0,18.0,161.0,17.0,10.0,7941.0,3.0,1.0,16.0,0.0,19.0,36.0,15.0,15.0,17.0,11.0,14.0,15.0,5.0,20.0,27.0,3.0,3.0,9.0
report,9.0,0.0,5.0,6.0,16.0,2.0,1.0,8.0,60.0,9.0,19.0,20.0,6.0,11.0,10.0,0.0,4.0,60.0,15.0,5.0,4.0,8.0,254.0,22.0,20.0,14.0,18.0,0.0,0.0,2.0,6.0,0.0,8.0,5.0,0.0,1.0,12.0,7.0,741.0,2.0,0.0,23.0,7.0,5.0,9.0,6.0,5.0,7.0,114.0,36.0,26.0,0.0,0.0,0.0,5.0,0.0,4.0,12.0,19.0,9.0,10.0,15.0,1.0,0.0,1.0,29.0,1.0,3.0,1.0,4.0,9.0,1.0,12.0,0.0,4.0,22.0,0.0,30.0,293.0,17.0,17.0,0.0,1.0,2.0,14.0,0.0,19.0,24.0,16.0,7.0,16.0,1.0,1.0,4.0,0.0,10.0,13.0,4.0,0.0,20.0
scientist,3.0,7.0,3.0,3.0,3.0,1.0,6.0,0.0,19.0,9.0,13.0,4.0,3.0,10.0,5.0,0.0,2.0,0.0,16.0,10.0,9.0,7.0,28.0,32.0,0.0,4.0,3.0,0.0,0.0,0.0,0.0,0.0,0.0,5.0,2.0,8.0,2.0,4.0,2.0,381.0,34.0,6.0,1.0,24.0,1.0,2.0,2.0,5.0,177.0,3.0,1.0,0.0,0.0,0.0,9.0,0.0,3.0,4.0,3.0,5.0,0.0,3.0,0.0,0.0,0.0,0.0,0.0,0.0,0.0,2.0,1.0,2.0,3.0,0.0,1.0,8.0,4.0,12.0,97.0,0.0,53.0,0.0,0.0,3.0,3.0,28.0,1.0,39.0,5.0,2.0,12.0,3.0,1.0,0.0,10.0,8.0,14.0,0.0,0.0,11.0
congratulation,2.0,1.0,7.0,0.0,0.0,3.0,27.0,0.0,1.0,5.0,18.0,5.0,1.0,38.0,27.0,0.0,0.0,0.0,26.0,14.0,10.0,10.0,3.0,122.0,0.0,4.0,13.0,0.0,0.0,9.0,0.0,0.0,0.0,1.0,0.0,5.0,0.0,6.0,0.0,34.0,388.0,0.0,0.0,12.0,0.0,0.0,2.0,1.0,275.0,6.0,6.0,0.0,0.0,1.0,2.0,0.0,0.0,2.0,0.0,3.0,0.0,0.0,2.0,0.0,0.0,0.0,0.0,0.0,0.0,1.0,1.0,17.0,1.0,0.0,8.0,22.0,12.0,33.0,45.0,0.0,5.0,0.0,0.0,1.0,0.0,2.0,0.0,98.0,3.0,1.0,28.0,6.0,0.0,0.0,5.0,70.0,134.0,0.0,2.0,39.0
booster,70.0,11.0,12.0,15.0,109.0,20.0,17.0,6.0,523.0,242.0,130.0,96.0,8.0,32.0,71.0,0.0,31.0,1.0,53.0,21.0,24.0,113.0,1349.0,20.0,8.0,10.0,12.0,4.0,0.0,3.0,62.0,1.0,74.0,9.0,35.0,3.0,45.0,91.0,23.0,6.0,0.0,3677.0,61.0,195.0,48.0,35.0,73.0,232.0,107.0,8.0,72.0,0.0,0.0,15.0,37.0,2.0,7.0,130.0,52.0,13.0,22.0,64.0,22.0,4.0,0.0,32.0,0.0,124.0,5.0,141.0,16.0,0.0,1195.0,0.0,17.0,79.0,1.0,59.0,808.0,84.0,56.0,1.0,3.0,22.0,63.0,1.0,75.0,54.0,17.0,12.0,8.0,3.0,1.0,22.0,42.0,100.0,4.0,3.0,5.0,8.0
pfizerbiontech,6.0,2.0,0.0,2.0,12.0,1.0,13.0,1.0,119.0,51.0,14.0,6.0,0.0,12.0,27.0,0.0,5.0,0.0,16.0,7.0,6.0,11.0,33.0,0.0,4.0,10.0,0.0,0.0,0.0,0.0,4.0,0.0,10.0,6.0,3.0,0.0,23.0,30.0,7.0,1.0,0.0,61.0,762.0,15.0,6.0,10.0,25.0,55.0,0.0,5.0,35.0,0.0,0.0,3.0,3.0,0.0,1.0,7.0,9.0,2.0,18.0,19.0,10.0,0.0,1.0,7.0,0.0,3.0,1.0,32.0,4.0,0.0,43.0,0.0,0.0,19.0,0.0,13.0,251.0,7.0,12.0,0.0,4.0,2.0,11.0,0.0,4.0,68.0,8.0,1.0,31.0,0.0,0.0,10.0,4.0,8.0,1.0,1.0,1.0,0.0
amp,28.0,10.0,16.0,14.0,19.0,14.0,22.0,19.0,301.0,89.0,66.0,31.0,15.0,30.0,87.0,0.0,58.0,5.0,27.0,42.0,13.0,28.0,414.0,68.0,13.0,16.0,48.0,1.0,0.0,76.0,50.0,1.0,31.0,13.0,9.0,5.0,29.0,20.0,5.0,24.0,12.0,195.0,15.0,1960.0,14.0,18.0,26.0,61.0,446.0,51.0,70.0,0.0,1.0,5.0,19.0,4.0,32.0,35.0,12.0,16.0,24.0,28.0,12.0,4.0,5.0,83.0,0.0,4.0,4.0,71.0,13.0,5.0,107.0,0.0,93.0,37.0,9.0,53.0,478.0,8.0,40.0,2.0,7.0,14.0,46.0,3.0,27.0,68.0,19.0,24.0,23.0,6.0,2.0,26.0,24.0,31.0,81.0,6.0,19.0,56.0
risk,13.0,3.0,1.0,2.0,19.0,0.0,2.0,1.0,36.0,4.0,38.0,11.0,1.0,2.0,13.0,0.0,4.0,4.0,3.0,3.0,0.0,3.0,106.0,0.0,4.0,3.0,3.0,0.0,0.0,0.0,10.0,0.0,3.0,1.0,0.0,0.0,5.0,4.0,9.0,1.0,0.0,48.0,6.0,14.0,438.0,2.0,23.0,28.0,20.0,7.0,3.0,0.0,0.0,0.0,30.0,0.0,2.0,4.0,13.0,1.0,1.0,21.0,0.0,0.0,0.0,4.0,0.0,0.0,1.0,3.0,1.0,0.0,32.0,0.0,3.0,12.0,0.0,21.0,178.0,18.0,24.0,0.0,2.0,4.0,20.0,0.0,15.0,3.0,13.0,7.0,11.0,0.0,0.0,0.0,1.0,4.0,0.0,2.0,0.0,2.0
drug,7.0,6.0,3.0,1.0,4.0,1.0,2.0,13.0,48.0,6.0,17.0,6.0,4.0,36.0,4.0,0.0,23.0,0.0,16.0,10.0,0.0,5.0,101.0,24.0,3.0,7.0,19.0,0.0,0.0,0.0,10.0,0.0,0.0,27.0,1.0,1.0,8.0,6.0,6.0,2.0,0.0,35.0,10.0,18.0,2.0,493.0,2.0,39.0,86.0,7.0,12.0,0.0,0.0,7.0,14.0,0.0,10.0,13.0,11.0,8.0,18.0,18.0,4.0,1.0,2.0,3.0,0.0,0.0,4.0,8.0,2.0,0.0,18.0,0.0,5.0,5.0,2.0,51.0,121.0,3.0,8.0,0.0,0.0,0.0,10.0,0.0,2.0,61.0,15.0,10.0,23.0,1.0,0.0,6.0,1.0,7.0,49.0,6.0,0.0,17.0
jab,19.0,6.0,0.0,5.0,32.0,3.0,13.0,2.0,96.0,46.0,36.0,16.0,5.0,7.0,31.0,0.0,36.0,23.0,14.0,5.0,5.0,20.0,243.0,17.0,20.0,14.0,8.0,8.0,0.0,3.0,36.0,0.0,2.0,2.0,3.0,0.0,7.0,13.0,5.0,2.0,2.0,73.0,25.0,26.0,23.0,2.0,894.0,6.0,126.0,10.0,9.0,0.0,0.0,3.0,5.0,0.0,13.0,21.0,13.0,10.0,5.0,15.0,3.0,2.0,3.0,5.0,0.0,11.0,1.0,11.0,7.0,4.0,8.0,1.0,18.0,18.0,0.0,16.0,151.0,28.0,22.0,1.0,1.0,2.0,14.0,1.0,23.0,12.0,9.0,38.0,15.0,0.0,0.0,27.0,7.0,29.0,27.0,12.0,10.0,5.0
fda,47.0,4.0,203.0,4.0,6.0,17.0,4.0,3.0,293.0,19.0,47.0,24.0,82.0,50.0,14.0,0.0,10.0,1.0,27.0,22.0,0.0,8.0,280.0,97.0,7.0,30.0,11.0,1.0,0.0,0.0,6.0,0.0,56.0,12.0,26.0,1.0,27.0,16.0,7.0,5.0,1.0,232.0,55.0,61.0,28.0,39.0,6.0,1405.0,409.0,9.0,20.0,0.0,0.0,80.0,8.0,0.0,4.0,10.0,43.0,8.0,12.0,37.0,25.0,2.0,1.0,6.0,0.0,2.0,95.0,21.0,12.0,0.0,115.0,0.0,8.0,41.0,9.0,75.0,484.0,6.0,14.0,0.0,1.0,16.0,8.0,3.0,14.0,188.0,17.0,5.0,23.0,3.0,0.0,7.0,11.0,17.0,3.0,0.0,0.0,13.0
covaxin,219.0,112.0,1274.0,104.0,98.0,303.0,181.0,40.0,186.0,292.0,460.0,302.0,975.0,1212.0,510.0,413.0,33.0,7.0,623.0,796.0,100.0,226.0,64.0,2202.0,23.0,601.0,961.0,36.0,7194.0,140.0,40.0,341.0,16.0,52.0,248.0,198.0,10.0,593.0,114.0,177.0,275.0,107.0,0.0,446.0,20.0,86.0,126.0,409.0,26164.0,368.0,260.0,7926.0,656.0,211.0,249.0,308.0,59.0,264.0,166.0,118.0,296.0,379.0,296.0,7248.0,208.0,52.0,296.0,32.0,330.0,8144.0,234.0,196.0,154.0,941.0,828.0,514.0,503.0,1213.0,2939.0,79.0,343.0,8305.0,583.0,133.0,166.0,188.0,378.0,2443.0,15260.0,27.0,651.0,449.0,3514.0,13.0,87.0,708.0,1253.0,17.0,286.0,995.0
country,5.0,8.0,8.0,2.0,5.0,21.0,3.0,4.0,56.0,22.0,56.0,18.0,11.0,11.0,73.0,0.0,46.0,21.0,18.0,63.0,4.0,7.0,121.0,49.0,7.0,11.0,37.0,2.0,0.0,7.0,32.0,1.0,0.0,8.0,2.0,3.0,9.0,8.0,36.0,3.0,6.0,8.0,5.0,51.0,7.0,7.0,10.0,9.0,368.0,1216.0,54.0,0.0,1.0,3.0,5.0,0.0,43.0,4.0,14.0,15.0,5.0,10.0,12.0,3.0,52.0,13.0,0.0,3.0,2.0,6.0,3.0,7.0,9.0,0.0,79.0,19.0,6.0,39.0,342.0,3.0,36.0,0.0,1.0,3.0,5.0,6.0,10.0,92.0,10.0,51.0,16.0,11.0,0.0,3.0,9.0,7.0,74.0,9.0,26.0,36.0
dos,9.0,2.0,3.0,7.0,15.0,3.0,8.0,6.0,80.0,88.0,30.0,19.0,4.0,4.0,70.0,0.0,216.0,238.0,24.0,19.0,4.0,33.0,213.0,19.0,5.0,2.0,10.0,5.0,0.0,4.0,95.0,1.0,8.0,16.0,3.0,2.0,3.0,15.0,26.0,1.0,6.0,72.0,35.0,70.0,3.0,12.0,9.0,20.0,260.0,54.0,1624.0,0.0,0.0,3.0,2.0,2.0,99.0,45.0,37.0,41.0,2.0,12.0,12.0,10.0,1.0,2.0,1.0,49.0,0.0,49.0,7.0,1.0,22.0,0.0,65.0,35.0,0.0,57.0,837.0,16.0,93.0,0.0,5.0,2.0,12.0,2.0,25.0,17.0,9.0,60.0,10.0,1.0,7.0,69.0,1.0,20.0,63.0,8.0,3.0,10.0
pincode,0.0,0.0,0.0,0.0,0.0,0.0,0.0,0.0,0.0,0.0,26.0,0.0,0.0,0.0,0.0,483.0,0.0,0.0,0.0,82.0,0.0,0.0,0.0,0.0,0.0,75.0,0.0,0.0,7755.0,0.0,0.0,450.0,0.0,0.0,0.0,0.0,0.0,0.0,0.0,0.0,0.0,0.0,0.0,0.0,0.0,0.0,0.0,0.0,7926.0,0.0,0.0,8489.0,652.0,0.0,2.0,0.0,0.0,0.0,0.0,0.0,0.0,0.0,0.0,7756.0,0.0,0.0,0.0,0.0,0.0,8485.0,0.0,0.0,0.0,941.0,0.0,0.0,0.0,0.0,3.0,0.0,0.0,8485.0,555.0,0.0,0.0,0.0,0.0,0.0,15999.0,1.0,0.0,0.0,3774.0,0.0,0.0,0.0,51.0,618.0,0.0,0.0
hosp,0.0,0.0,0.0,0.0,0.0,0.0,1.0,0.0,0.0,1.0,0.0,0.0,0.0,0.0,0.0,0.0,0.0,0.0,0.0,0.0,0.0,0.0,0.0,0.0,0.0,0.0,0.0,0.0,652.0,0.0,0.0,0.0,0.0,0.0,0.0,0.0,0.0,0.0,0.0,0.0,0.0,0.0,0.0,1.0,0.0,0.0,0.0,0.0,656.0,1.0,0.0,652.0,658.0,0.0,0.0,0.0,0.0,0.0,0.0,0.0,0.0,0.0,0.0,652.0,0.0,0.0,0.0,0.0,0.0,652.0,0.0,0.0,1.0,62.0,0.0,0.0,0.0,0.0,1.0,0.0,0.0,652.0,1.0,0.0,0.0,0.0,0.0,1.0,1229.0,0.0,0.0,0.0,328.0,1.0,0.0,0.0,0.0,0.0,0.0,0.0
potus,23.0,5.0,81.0,2.0,1.0,11.0,6.0,3.0,38.0,3.0,37.0,7.0,11.0,0.0,7.0,0.0,1.0,0.0,2.0,14.0,4.0,1.0,43.0,58.0,2.0,5.0,0.0,2.0,0.0,0.0,0.0,0.0,16.0,1.0,17.0,1.0,1.0,4.0,0.0,0.0,1.0,15.0,3.0,5.0,0.0,7.0,3.0,80.0,211.0,3.0,3.0,0.0,0.0,417.0,1.0,0.0,0.0,3.0,1.0,2.0,1.0,1.0,9.0,0.0,0.0,4.0,0.0,3.0,16.0,3.0,2.0,7.0,22.0,0.0,0.0,2.0,0.0,1.0,121.0,1.0,2.0,0.0,0.0,6.0,0.0,1.0,3.0,8.0,1.0,1.0,4.0,5.0,0.0,0.0,2.0,11.0,5.0,0.0,3.0,0.0
group,5.0,0.0,3.0,0.0,3.0,3.0,0.0,2.0,32.0,12.0,12.0,5.0,4.0,74.0,38.0,0.0,20.0,0.0,75.0,22.0,1.0,5.0,31.0,39.0,1.0,18.0,31.0,0.0,0.0,1.0,1.0,0.0,4.0,1.0,1.0,0.0,12.0,8.0,5.0,9.0,2.0,37.0,3.0,19.0,30.0,14.0,5.0,8.0,249.0,5.0,2.0,2.0,0.0,1.0,563.0,0.0,9.0,9.0,10.0,2.0,33.0,27.0,2.0,1.0,2.0,7.0,0.0,1.0,0.0,2.0,3.0,0.0,12.0,0.0,0.0,19.0,14.0,96.0,132.0,5.0,19.0,0.0,2.0,1.0,8.0,2.0,19.0,48.0,240.0,2.0,29.0,1.0,0.0,0.0,2.0,12.0,20.0,0.0,0.0,30.0
availability,0.0,1.0,0.0,0.0,0.0,3.0,0.0,0.0,2.0,1.0,5.0,0.0,0.0,1.0,2.0,0.0,2.0,0.0,1.0,0.0,0.0,0.0,3.0,0.0,0.0,0.0,0.0,0.0,0.0,1.0,0.0,0.0,0.0,0.0,0.0,0.0,0.0,5080.0,0.0,0.0,0.0,2.0,0.0,4.0,0.0,0.0,0.0,0.0,308.0,0.0,2.0,0.0,0.0,0.0,0.0,5126.0,0.0,1.0,0.0,0.0,0.0,2.0,0.0,1.0,0.0,1.0,5080.0,0.0,1.0,1109.0,0.0,0.0,1.0,0.0,4793.0,0.0,0.0,2.0,12.0,0.0,1.0,7942.0,2.0,0.0,0.0,0.0,3.0,4.0,0.0,3.0,2.0,0.0,0.0,0.0,0.0,1.0,3.0,0.0,1.0,0.0
china,4.0,2.0,1.0,1.0,0.0,2.0,4.0,1.0,18.0,15.0,29.0,11.0,1.0,16.0,27.0,0.0,198.0,1.0,15.0,10.0,1.0,6.0,15.0,2.0,3.0,2.0,10.0,0.0,0.0,0.0,179.0,0.0,5.0,1.0,1.0,1.0,4.0,3.0,4.0,3.0,0.0,7.0,1.0,32.0,2.0,10.0,13.0,4.0,59.0,43.0,99.0,0.0,0.0,0.0,9.0,0.0,794.0,5.0,16.0,14.0,7.0,7.0,13.0,4.0,12.0,13.0,0.0,2.0,0.0,3.0,7.0,1.0,3.0,0.0,8.0,16.0,0.0,19.0,438.0,4.0,11.0,0.0,0.0,10.0,3.0,1.0,4.0,29.0,3.0,4.0,17.0,11.0,0.0,3.0,2.0,2.0,17.0,1.0,4.0,1.0
month,14.0,22.0,13.0,17.0,14.0,7.0,3.0,3.0,97.0,16.0,31.0,31.0,9.0,5.0,32.0,0.0,14.0,1.0,17.0,7.0,1.0,26.0,156.0,48.0,6.0,4.0,17.0,2.0,0.0,7.0,16.0,0.0,9.0,4.0,8.0,2.0,13.0,15.0,12.0,4.0,2.0,130.0,7.0,35.0,4.0,13.0,21.0,10.0,264.0,4.0,45.0,0.0,0.0,3.0,9.0,1.0,5.0,956.0,14.0,10.0,15.0,24.0,6.0,10.0,3.0,15.0,0.0,8.0,6.0,49.0,16.0,3.0,80.0,0.0,20.0,17.0,3.0,14.0,254.0,11.0,22.0,3.0,2.0,2.0,27.0,2.0,21.0,75.0,14.0,15.0,7.0,7.0,2.0,4.0,8.0,36.0,32.0,1.0,4.0,13.0
coronavirus,12.0,6.0,1.0,2.0,5.0,2.0,1.0,2.0,114.0,10.0,19.0,8.0,1.0,26.0,58.0,0.0,39.0,25.0,13.0,22.0,0.0,5.0,148.0,14.0,45.0,9.0,13.0,2.0,0.0,0.0,28.0,0.0,11.0,7.0,5.0,0.0,19.0,13.0,19.0,3.0,0.0,52.0,9.0,12.0,13.0,11.0,13.0,43.0,166.0,14.0,37.0,0.0,0.0,1.0,10.0,0.0,16.0,14.0,750.0,10.0,6.0,7.0,4.0,0.0,4.0,35.0,0.0,1.0,0.0,4.0,10.0,0.0,29.0,0.0,22.0,21.0,0.0,29.0,359.0,2.0,30.0,0.0,1.0,6.0,24.0,0.0,8.0,29.0,5.0,28.0,15.0,2.0,0.0,28.0,4.0,11.0,28.0,7.0,6.0,13.0
government,6.0,3.0,0.0,2.0,9.0,7.0,6.0,4.0,53.0,15.0,35.0,8.0,2.0,18.0,27.0,0.0,33.0,4.0,9.0,24.0,5.0,3.0,83.0,17.0,5.0,19.0,15.0,1.0,0.0,1.0,21.0,0.0,2.0,5.0,3.0,1.0,2.0,6.0,9.0,5.0,3.0,13.0,2.0,16.0,1.0,8.0,10.0,8.0,118.0,15.0,41.0,0.0,0.0,2.0,2.0,0.0,14.0,10.0,10.0,626.0,1.0,7.0,5.0,2.0,24.0,4.0,0.0,3.0,3.0,5.0,6.0,2.0,15.0,0.0,10.0,12.0,0.0,16.0,182.0,6.0,28.0,1.0,6.0,3.0,2.0,1.0,4.0,26.0,12.0,8.0,11.0,1.0,1.0,4.0,2.0,10.0,20.0,0.0,5.0,11.0
trial,41.0,2.0,14.0,1.0,4.0,3.0,3.0,4.0,57.0,7.0,7.0,10.0,16.0,5.0,8.0,0.0,8.0,0.0,53.0,17.0,0.0,5.0,120.0,92.0,2.0,24.0,46.0,1.0,0.0,1.0,22.0,0.0,0.0,8.0,6.0,0.0,12.0,6.0,10.0,0.0,0.0,22.0,18.0,24.0,1.0,18.0,5.0,12.0,296.0,5.0,2.0,0.0,0.0,1.0,33.0,0.0,7.0,15.0,6.0,1.0,733.0,151.0,2.0,1.0,1.0,2.0,0.0,1.0,7.0,18.0,27.0,1.0,17.0,0.0,12.0,13.0,2.0,21.0,286.0,2.0,4.0,0.0,2.0,27.0,12.0,0.0,23.0,21.0,41.0,24.0,99.0,1.0,0.0,2.0,5.0,7.0,34.0,19.0,2.0,43.0
data,22.0,3.0,14.0,2.0,8.0,5.0,0.0,5.0,99.0,4.0,15.0,23.0,18.0,21.0,21.0,0.0,6.0,1.0,35.0,32.0,3.0,9.0,116.0,127.0,11.0,23.0,59.0,0.0,0.0,5.0,18.0,0.0,7.0,11.0,22.0,2.0,7.0,10.0,15.0,3.0,0.0,64.0,19.0,28.0,21.0,18.0,15.0,37.0,379.0,10.0,12.0,0.0,0.0,1.0,27.0,2.0,7.0,24.0,7.0,7.0,151.0,991.0,6.0,3.0,0.0,14.0,0.0,3.0,8.0,10.0,49.0,1.0,27.0,0.0,9.0,11.0,3.0,34.0,252.0,5.0,35.0,0.0,0.0,30.0,20.0,8.0,24.0,43.0,28.0,27.0,31.0,6.0,2.0,5.0,10.0,6.0,27.0,8.0,1.0,61.0
canada,26.0,2.0,60.0,2.0,3.0,13.0,0.0,4.0,40.0,3.0,21.0,7.0,44.0,2.0,5.0,0.0,35.0,0.0,17.0,19.0,2.0,0.0,107.0,40.0,2.0,15.0,3.0,0.0,0.0,2.0,33.0,0.0,1.0,0.0,10.0,1.0,6.0,9.0,1.0,0.0,2.0,22.0,10.0,12.0,0.0,4.0,3.0,25.0,296.0,12.0,12.0,0.0,0.0,9.0,2.0,0.0,13.0,6.0,4.0,5.0,2.0,6.0,897.0,0.0,8.0,419.0,0.0,0.0,70.0,1.0,12.0,4.0,19.0,0.0,1.0,11.0,4.0,12.0,351.0,2.0,87.0,0.0,0.0,6.0,2.0,1.0,2.0,57.0,8.0,1.0,28.0,2.0,0.0,2.0,3.0,12.0,7.0,0.0,14.0,4.0
date,1.0,4.0,2.0,3.0,1.0,2.0,0.0,3.0,7.0,8.0,32.0,5.0,4.0,1.0,20.0,483.0,10.0,0.0,2.0,85.0,1.0,6.0,25.0,12.0,1.0,76.0,1.0,1.0,7754.0,0.0,4.0,450.0,0.0,2.0,0.0,3.0,0.0,0.0,0.0,0.0,0.0,4.0,0.0,4.0,0.0,1.0,2.0,2.0,7248.0,3.0,10.0,7756.0,652.0,0.0,1.0,1.0,4.0,10.0,0.0,2.0,1.0,3.0,0.0,7939.0,0.0,1.0,0.0,0.0,0.0,7770.0,3.0,2.0,2.0,941.0,3.0,7.0,2.0,0.0,45.0,1.0,1.0,7759.0,555.0,1.0,1.0,6.0,9.0,28.0,14539.0,5.0,2.0,4.0,3775.0,2.0,2.0,2.0,55.0,618.0,1.0,1.0
list,1.0,0.0,0.0,1.0,4.0,6.0,2.0,3.0,6.0,5.0,3.0,2.0,1.0,12.0,37.0,0.0,26.0,0.0,0.0,4.0,2.0,2.0,35.0,13.0,0.0,0.0,49.0,0.0,0.0,2.0,18.0,0.0,4.0,6.0,2.0,1.0,0.0,1.0,1.0,0.0,0.0,0.0,1.0,5.0,0.0,2.0,3.0,1.0,208.0,52.0,1.0,0.0,0.0,0.0,2.0,0.0,12.0,3.0,4.0,24.0,1.0,0.0,8.0,0.0,370.0,0.0,0.0,1.0,1.0,0.0,0.0,0.0,1.0,0.0,8.0,13.0,3.0,12.0,100.0,2.0,6.0,0.0,2.0,0.0,0.0,1.0,0.0,33.0,0.0,1.0,1.0,1.0,0.0,3.0,2.0,1.0,30.0,1.0,19.0,49.0
case,8.0,2.0,7.0,0.0,8.0,3.0,1.0,2.0,44.0,68.0,17.0,5.0,7.0,4.0,34.0,0.0,5.0,11.0,12.0,6.0,1.0,18.0,96.0,6.0,33.0,1.0,0.0,0.0,0.0,68.0,7.0,0.0,2.0,1.0,1.0,1.0,5.0,6.0,29.0,0.0,0.0,32.0,7.0,83.0,4.0,3.0,5.0,6.0,52.0,13.0,2.0,0.0,0.0,4.0,7.0,1.0,13.0,15.0,35.0,4.0,2.0,14.0,419.0,1.0,0.0,1452.0,0.0,8.0,0.0,46.0,4.0,2.0,12.0,0.0,3.0,6.0,1.0,6.0,404.0,5.0,15.0,1.0,7.0,6.0,11.0,1.0,7.0,4.0,4.0,3.0,5.0,1.0,0.0,4.0,5.0,6.0,26.0,1.0,2.0,0.0
bengaluru,0.0,0.0,0.0,0.0,0.0,0.0,0.0,0.0,0.0,0.0,0.0,0.0,0.0,0.0,0.0,0.0,0.0,0.0,0.0,0.0,0.0,0.0,0.0,1.0,0.0,1.0,0.0,0.0,0.0,0.0,0.0,0.0,0.0,0.0,1.0,0.0,0.0,5080.0,1.0,0.0,0.0,0.0,0.0,0.0,0.0,0.0,0.0,0.0,296.0,0.0,1.0,0.0,0.0,0.0,0.0,5080.0,0.0,0.0,0.0,0.0,0.0,0.0,0.0,0.0,0.0,0.0,5088.0,0.0,0.0,1103.0,0.0,0.0,0.0,0.0,4790.0,0.0,0.0,0.0,0.0,0.0,0.0,7940.0,4.0,0.0,0.0,0.0,0.0,0.0,0.0,0.0,2.0,0.0,0.0,0.0,0.0,0.0,0.0,0.0,0.0,0.0
yesterday,3.0,1.0,1.0,3.0,18.0,3.0,5.0,1.0,13.0,33.0,11.0,5.0,5.0,4.0,16.0,0.0,24.0,1.0,2.0,0.0,5.0,16.0,81.0,0.0,0.0,1.0,1.0,1.0,0.0,0.0,9.0,0.0,0.0,0.0,1.0,0.0,1.0,7.0,3.0,0.0,0.0,124.0,3.0,4.0,0.0,0.0,11.0,2.0,32.0,3.0,49.0,0.0,0.0,3.0,1.0,0.0,2.0,8.0,1.0,3.0,1.0,3.0,0.0,0.0,1.0,8.0,0.0,370.0,1.0,29.0,2.0,0.0,50.0,0.0,2.0,5.0,0.0,4.0,94.0,13.0,0.0,0.0,0.0,2.0,0.0,0.0,4.0,5.0,0.0,6.0,2.0,3.0,0.0,24.0,3.0,3.0,5.0,0.0,0.0,1.0
govcanhealth,18.0,2.0,78.0,0.0,3.0,15.0,2.0,0.0,12.0,4.0,23.0,12.0,31.0,1.0,2.0,0.0,2.0,0.0,4.0,18.0,6.0,4.0,9.0,51.0,0.0,8.0,0.0,0.0,0.0,1.0,1.0,0.0,2.0,2.0,14.0,1.0,0.0,6.0,1.0,0.0,0.0,5.0,1.0,4.0,1.0,4.0,1.0,95.0,330.0,2.0,0.0,0.0,0.0,16.0,0.0,1.0,0.0,6.0,0.0,3.0,7.0,8.0,70.0,0.0,1.0,0.0,0.0,1.0,461.0,0.0,11.0,3.0,7.0,0.0,0.0,5.0,6.0,5.0,72.0,2.0,12.0,0.0,0.0,6.0,2.0,2.0,2.0,45.0,0.0,1.0,14.0,7.0,0.0,1.0,0.0,8.0,3.0,0.0,3.0,0.0
dose,10.0,1.0,2.0,3.0,20.0,8.0,13.0,1.0,72.0,80.0,70.0,19.0,4.0,5.0,77.0,483.0,89.0,1.0,14.0,88.0,0.0,29.0,207.0,20.0,1.0,81.0,4.0,3.0,7754.0,50.0,93.0,450.0,6.0,2.0,4.0,2.0,5.0,1123.0,4.0,2.0,1.0,141.0,32.0,71.0,3.0,8.0,11.0,21.0,8144.0,6.0,49.0,8485.0,652.0,3.0,2.0,1109.0,3.0,49.0,4.0,5.0,18.0,10.0,1.0,7770.0,0.0,46.0,1103.0,29.0,0.0,10641.0,2.0,3.0,35.0,941.0,1127.0,9.0,0.0,17.0,239.0,13.0,9.0,10697.0,569.0,7.0,16.0,1.0,29.0,10.0,16001.0,43.0,4.0,0.0,3782.0,8.0,9.0,12.0,75.0,636.0,3.0,3.0
efficacy,18.0,3.0,11.0,0.0,5.0,2.0,1.0,1.0,50.0,4.0,14.0,11.0,12.0,2.0,3.0,0.0,10.0,2.0,2.0,11.0,0.0,8.0,46.0,10.0,2.0,6.0,11.0,0.0,0.0,0.0,21.0,0.0,3.0,2.0,6.0,1.0,3.0,7.0,9.0,1.0,1.0,16.0,4.0,13.0,1.0,2.0,7.0,12.0,234.0,3.0,7.0,0.0,0.0,2.0,3.0,0.0,7.0,16.0,10.0,6.0,27.0,49.0,12.0,3.0,0.0,4.0,0.0,2.0,11.0,2.0,487.0,0.0,15.0,0.0,7.0,16.0,1.0,2.0,190.0,4.0,4.0,0.0,0.0,40.0,33.0,0.0,5.0,23.0,1.0,26.0,3.0,3.0,0.0,2.0,3.0,3.0,7.0,11.0,3.0,12.0
pmoindia,0.0,4.0,4.0,0.0,1.0,16.0,11.0,0.0,2.0,7.0,15.0,5.0,1.0,2.0,17.0,0.0,0.0,0.0,2.0,12.0,4.0,7.0,0.0,89.0,0.0,5.0,5.0,0.0,1.0,116.0,0.0,0.0,1.0,0.0,0.0,94.0,0.0,3.0,1.0,2.0,17.0,0.0,0.0,5.0,0.0,0.0,4.0,0.0,196.0,7.0,1.0,0.0,0.0,7.0,0.0,0.0,1.0,3.0,0.0,2.0,1.0,1.0,4.0,2.0,0.0,2.0,0.0,0.0,3.0,3.0,0.0,368.0,3.0,0.0,4.0,8.0,4.0,3.0,27.0,0.0,3.0,1.0,0.0,0.0,1.0,39.0,4.0,56.0,0.0,4.0,2.0,13.0,0.0,0.0,6.0,9.0,145.0,0.0,10.0,3.0
shot,62.0,5.0,4.0,5.0,58.0,13.0,11.0,8.0,295.0,168.0,114.0,53.0,6.0,19.0,45.0,0.0,28.0,71.0,39.0,13.0,6.0,97.0,928.0,16.0,14.0,18.0,4.0,2.0,0.0,2.0,74.0,0.0,44.0,10.0,16.0,1.0,25.0,53.0,12.0,3.0,1.0,1195.0,43.0,107.0,32.0,18.0,8.0,115.0,154.0,9.0,22.0,0.0,1.0,22.0,12.0,1.0,3.0,80.0,29.0,15.0,17.0,27.0,19.0,2.0,1.0,12.0,0.0,50.0,7.0,35.0,15.0,3.0,2444.0,0.0,19.0,46.0,2.0,27.0,532.0,43.0,66.0,0.0,9.0,19.0,45.0,3.0,45.0,31.0,14.0,22.0,14.0,0.0,1.0,17.0,15.0,51.0,31.0,14.0,5.0,4.0
apollo,0.0,0.0,0.0,0.0,0.0,0.0,0.0,0.0,0.0,0.0,0.0,0.0,0.0,0.0,0.0,0.0,0.0,0.0,0.0,0.0,0.0,0.0,0.0,0.0,0.0,0.0,0.0,0.0,941.0,0.0,0.0,0.0,0.0,0.0,0.0,0.0,0.0,0.0,0.0,0.0,0.0,0.0,0.0,0.0,0.0,0.0,1.0,0.0,941.0,0.0,0.0,941.0,62.0,0.0,0.0,0.0,0.0,0.0,0.0,0.0,0.0,0.0,0.0,941.0,0.0,0.0,0.0,0.0,0.0,941.0,0.0,0.0,0.0,942.0,0.0,0.0,0.0,0.0,0.0,0.0,0.0,941.0,9.0,0.0,0.0,0.0,0.0,0.0,1871.0,0.0,0.0,0.0,440.0,0.0,0.0,0.0,0.0,0.0,0.0,0.0
covishield,1.0,4.0,2.0,6.0,4.0,5.0,1.0,1.0,24.0,45.0,23.0,14.0,2.0,5.0,182.0,0.0,2.0,2.0,3.0,11.0,3.0,25.0,9.0,20.0,1.0,8.0,4.0,4.0,0.0,8.0,6.0,0.0,0.0,0.0,5.0,6.0,0.0,4835.0,4.0,1.0,8.0,17.0,0.0,93.0,3.0,5.0,18.0,8.0,828.0,79.0,65.0,0.0,0.0,0.0,0.0,4793.0,8.0,20.0,22.0,10.0,12.0,9.0,1.0,3.0,8.0,3.0,4790.0,2.0,0.0,1127.0,7.0,4.0,19.0,0.0,5767.0,18.0,3.0,9.0,255.0,3.0,16.0,7588.0,4.0,1.0,29.0,2.0,3.0,15.0,55.0,19.0,0.0,1.0,7.0,6.0,6.0,14.0,127.0,7.0,17.0,5.0
news,17.0,3.0,33.0,23.0,10.0,7.0,13.0,9.0,64.0,60.0,49.0,19.0,22.0,63.0,31.0,0.0,24.0,36.0,53.0,59.0,10.0,41.0,189.0,66.0,8.0,59.0,27.0,3.0,0.0,7.0,30.0,0.0,15.0,6.0,15.0,7.0,12.0,12.0,22.0,8.0,22.0,79.0,19.0,37.0,12.0,5.0,18.0,41.0,514.0,19.0,35.0,0.0,0.0,2.0,19.0,0.0,16.0,17.0,21.0,12.0,13.0,11.0,11.0,7.0,13.0,6.0,0.0,5.0,5.0,9.0,16.0,8.0,46.0,0.0,18.0,1335.0,30.0,110.0,302.0,8.0,35.0,0.0,1.0,1.0,18.0,1.0,32.0,125.0,30.0,34.0,30.0,9.0,3.0,7.0,10.0,51.0,87.0,9.0,18.0,24.0
covaxinapproval,2.0,7.0,14.0,0.0,2.0,19.0,5.0,1.0,5.0,3.0,6.0,4.0,15.0,52.0,8.0,0.0,1.0,0.0,33.0,19.0,1.0,2.0,3.0,73.0,0.0,34.0,26.0,1.0,0.0,4.0,0.0,0.0,1.0,1.0,1.0,7.0,1.0,27.0,0.0,4.0,12.0,1.0,0.0,9.0,0.0,2.0,0.0,9.0,503.0,6.0,0.0,0.0,0.0,0.0,14.0,0.0,0.0,3.0,0.0,0.0,2.0,3.0,4.0,2.0,3.0,1.0,0.0,0.0,6.0,0.0,1.0,4.0,2.0,0.0,3.0,30.0,459.0,41.0,55.0,2.0,2.0,0.0,0.0,1.0,0.0,9.0,11.0,75.0,17.0,1.0,18.0,29.0,0.0,0.0,1.0,36.0,29.0,0.0,8.0,25.0
use,35.0,2.0,41.0,6.0,15.0,10.0,6.0,3.0,55.0,26.0,58.0,12.0,9.0,1235.0,16.0,0.0,25.0,53.0,141.0,111.0,1.0,14.0,148.0,180.0,3.0,63.0,214.0,0.0,0.0,10.0,45.0,0.0,5.0,14.0,3.0,6.0,13.0,18.0,30.0,12.0,33.0,59.0,13.0,53.0,21.0,51.0,16.0,75.0,1213.0,39.0,57.0,0.0,0.0,1.0,96.0,2.0,19.0,14.0,29.0,16.0,21.0,34.0,12.0,0.0,12.0,6.0,0.0,4.0,5.0,17.0,2.0,3.0,27.0,0.0,9.0,110.0,41.0,1894.0,606.0,15.0,149.0,0.0,0.0,4.0,8.0,3.0,48.0,361.0,109.0,18.0,136.0,15.0,0.0,9.0,3.0,185.0,205.0,6.0,12.0,218.0
vaccine,415.0,75.0,223.0,62.0,191.0,93.0,67.0,66.0,1980.0,331.0,575.0,229.0,127.0,390.0,346.0,0.0,713.0,478.0,273.0,368.0,54.0,1113.0,2707.0,350.0,109.0,212.0,266.0,1760.0,4.0,30.0,622.0,4.0,125.0,155.0,135.0,19.0,250.0,161.0,293.0,97.0,45.0,808.0,251.0,478.0,178.0,121.0,151.0,484.0,2939.0,342.0,837.0,3.0,1.0,121.0,132.0,12.0,438.0,254.0,359.0,182.0,286.0,252.0,351.0,45.0,100.0,404.0,0.0,94.0,72.0,239.0,190.0,27.0,532.0,0.0,255.0,302.0,55.0,606.0,16843.0,152.0,1384.0,13.0,56.0,154.0,313.0,37.0,178.0,558.0,248.0,355.0,345.0,87.0,5.0,238.0,146.0,259.0,404.0,108.0,68.0,220.0
side,13.0,6.0,3.0,1.0,474.0,7.0,3.0,1.0,59.0,16.0,24.0,16.0,5.0,4.0,17.0,0.0,7.0,0.0,3.0,3.0,1.0,34.0,171.0,4.0,15.0,3.0,1.0,0.0,0.0,0.0,10.0,0.0,0.0,1.0,7.0,0.0,8.0,17.0,17.0,0.0,0.0,84.0,7.0,8.0,18.0,3.0,28.0,6.0,79.0,3.0,16.0,0.0,0.0,1.0,5.0,0.0,4.0,11.0,2.0,6.0,2.0,5.0,2.0,1.0,2.0,5.0,0.0,13.0,2.0,13.0,4.0,0.0,43.0,0.0,3.0,8.0,2.0,15.0,152.0,560.0,6.0,0.0,1.0,3.0,7.0,0.0,9.0,3.0,5.0,13.0,2.0,2.0,0.0,3.0,6.0,6.0,4.0,0.0,0.0,1.0
health,17.0,10.0,7.0,5.0,6.0,14.0,9.0,6.0,63.0,35.0,51.0,7.0,7.0,147.0,28.0,0.0,23.0,82.0,16.0,224.0,8.0,873.0,163.0,50.0,7.0,15.0,51.0,1704.0,0.0,3.0,40.0,0.0,6.0,7.0,2.0,39.0,8.0,10.0,17.0,53.0,5.0,56.0,12.0,40.0,24.0,8.0,22.0,14.0,343.0,36.0,93.0,0.0,0.0,2.0,19.0,1.0,11.0,22.0,30.0,28.0,4.0,35.0,87.0,1.0,6.0,15.0,0.0,0.0,12.0,9.0,4.0,3.0,66.0,0.0,16.0,35.0,2.0,149.0,1384.0,6.0,2348.0,0.0,6.0,4.0,17.0,9.0,27.0,89.0,20.0,35.0,34.0,12.0,1.0,3.0,5.0,15.0,49.0,9.0,5.0,64.0
slot,0.0,0.0,0.0,0.0,0.0,0.0,0.0,0.0,0.0,3.0,28.0,3.0,0.0,0.0,12.0,483.0,0.0,0.0,0.0,82.0,0.0,0.0,3.0,0.0,0.0,75.0,0.0,0.0,7754.0,1.0,0.0,450.0,0.0,0.0,2.0,0.0,0.0,7941.0,0.0,0.0,0.0,1.0,0.0,2.0,0.0,0.0,1.0,0.0,8305.0,0.0,0.0,8485.0,652.0,0.0,0.0,7942.0,0.0,3.0,0.0,1.0,0.0,0.0,0.0,7759.0,0.0,1.0,7940.0,0.0,0.0,10697.0,0.0,1.0,0.0,941.0,7588.0,0.0,0.0,0.0,13.0,0.0,0.0,22188.0,555.0,0.0,0.0,0.0,0.0,1.0,15996.0,0.0,0.0,0.0,3774.0,1.0,0.0,4.0,53.0,619.0,0.0,0.0
hospital,1.0,0.0,0.0,2.0,2.0,3.0,1.0,1.0,10.0,8.0,8.0,2.0,0.0,1.0,29.0,0.0,6.0,0.0,2.0,82.0,0.0,4.0,17.0,0.0,1.0,14.0,0.0,0.0,555.0,0.0,5.0,0.0,0.0,0.0,1.0,0.0,0.0,3.0,1.0,0.0,0.0,3.0,4.0,7.0,2.0,0.0,1.0,1.0,583.0,1.0,5.0,555.0,1.0,0.0,2.0,2.0,0.0,2.0,1.0,6.0,2.0,0.0,0.0,555.0,2.0,7.0,4.0,0.0,0.0,569.0,0.0,0.0,9.0,9.0,4.0,1.0,0.0,0.0,56.0,1.0,6.0,555.0,754.0,1.0,4.0,0.0,4.0,0.0,606.0,15.0,5.0,0.0,216.0,3.0,3.0,4.0,2.0,7.0,1.0,0.0
delta,12.0,0.0,21.0,0.0,4.0,2.0,2.0,4.0,75.0,1.0,11.0,12.0,15.0,1.0,12.0,0.0,6.0,0.0,2.0,12.0,4.0,0.0,60.0,16.0,2.0,1.0,6.0,1.0,0.0,0.0,11.0,0.0,5.0,1.0,9.0,0.0,2.0,1.0,2.0,3.0,1.0,22.0,2.0,14.0,4.0,0.0,2.0,16.0,133.0,3.0,2.0,0.0,0.0,6.0,1.0,0.0,10.0,2.0,6.0,3.0,27.0,30.0,6.0,1.0,0.0,6.0,0.0,2.0,6.0,7.0,40.0,0.0,19.0,0.0,1.0,1.0,1.0,4.0,154.0,3.0,4.0,0.0,1.0,367.0,38.0,0.0,1.0,5.0,0.0,8.0,0.0,1.0,0.0,1.0,9.0,3.0,3.0,4.0,1.0,5.0
study,14.0,1.0,12.0,1.0,13.0,1.0,1.0,6.0,176.0,8.0,42.0,18.0,8.0,4.0,29.0,0.0,9.0,0.0,10.0,11.0,1.0,8.0,147.0,15.0,9.0,7.0,6.0,0.0,0.0,1.0,38.0,0.0,28.0,4.0,3.0,2.0,14.0,16.0,14.0,3.0,0.0,63.0,11.0,46.0,20.0,10.0,14.0,8.0,166.0,5.0,12.0,0.0,0.0,0.0,8.0,0.0,3.0,27.0,24.0,2.0,12.0,20.0,2.0,1.0,0.0,11.0,0.0,0.0,2.0,16.0,33.0,1.0,45.0,0.0,29.0,18.0,0.0,8.0,313.0,7.0,17.0,0.0,4.0,38.0,758.0,1.0,5.0,11.0,8.0,15.0,17.0,0.0,1.0,13.0,16.0,2.0,8.0,3.0,2.0,6.0
doctorsoumya,3.0,4.0,38.0,0.0,0.0,14.0,9.0,1.0,4.0,5.0,16.0,8.0,1.0,6.0,0.0,0.0,3.0,0.0,1.0,28.0,3.0,3.0,3.0,136.0,1.0,1.0,2.0,1.0,0.0,30.0,0.0,0.0,0.0,2.0,5.0,57.0,0.0,0.0,0.0,28.0,2.0,1.0,0.0,3.0,0.0,0.0,1.0,3.0,188.0,6.0,2.0,0.0,0.0,1.0,2.0,0.0,1.0,2.0,0.0,1.0,0.0,8.0,1.0,6.0,1.0,1.0,0.0,0.0,2.0,1.0,0.0,39.0,3.0,0.0,2.0,1.0,9.0,3.0,37.0,0.0,9.0,0.0,0.0,0.0,1.0,387.0,10.0,58.0,0.0,2.0,1.0,44.0,0.0,1.0,1.0,7.0,31.0,0.0,3.0,2.0
